A(:,:,1)=[2 1 2 0 1; 2 2 0 0 1; 1 1 1 0 1; 2 0 0 1 0; 0 0 0 1 1]

A(:,:,2)=[0 0 0 1 1; 0 1 0 1 0; 2 0 0 1 0; 0 0 2 2 0; 0 0 1 1 1]

A(:,:,3)=[2 0 0 1 0; 0 0 0 1 1; 0 0 2 2 0; 2 2 0 0 1; 0 1 0 1 0]


A1(:,:,1)=[2 1 0 0 1; 2 2 0 3 1; 1 1 1 0 4; 2 0 0 1 3; 1 2 0 0 1]

A1(:,:,2)=[0 2 0 1 1; 0 1 0 1 1; 2 0 0 1 4; 0 4 2 2 0; 0 0 1 0 0]

A1(:,:,3)=[2 0 0 1 4; 1 0 2 1 1; 1 0 2 2 0; 2 4 0 0 0; 0 1 0 1 1]



B(:,:,1)=[1 0 0; 0 1 0; 0 0 1]

B(:,:,2)=[2 0 0; 0 2 0; 0 0 2]

B(:,:,3)=[1 0 -3; -3 0 0; 0 -3 -1]


B1(:,:,1)=[1 0 -2; 0 1 0; 2 0 1]

B1(:,:,2)=[-2 0 1; 0 2 0; -1 0 2]

B1(:,:,3)=[-1 0 -3; -1 0 0; 0 2 -1]


B2(:,:,1)=[0 0 1; 0 1 -2; -2 0 0]

B2(:,:,2)=[2 0 2; 0 1 0; -2 0 -1]

B2(:,:,3)=[0 0 3; -3 0 1; 1 0 -1]



D5 = conv(A1,B2)

    -5    -1     8
     0     7   -11
     6    -8     6

D4 = conv(A1,B1)
	
	2	1	8
	11	-6	-5
	0	-1	1

D3 = conv(A1,B)

	2	-4	-7
	-14	7	-4
	0	-14	3

D2 = conv(A,B2)

	-3	1	3
	-3	10	-8
	4	1	2

D1 = conv(A,B1)

	-1	5	10
	15	4	-8
	-9	0	6

D = conv(A,B)

	5	-8	-1
	1	7	-8
	-8	-5	6